{"cells":[{"metadata":{"_uuid":"8f2839f25d086af736a60e9eeb907d3b93b6e0e5","_cell_guid":"b1076dfc-b9ad-4769-8c92-a6c4dae69d19","trusted":true},"cell_type":"code","source":"# This Python 3 environment comes with many helpful analytics libraries installed\n# It is defined by the kaggle/python Docker image: https://github.com/kaggle/docker-python\n# For example, here's several helpful packages to load\n\nimport numpy as np # linear algebra\nimport pandas as pd # data processing, CSV file I/O (e.g. pd.read_csv)\n\n# Input data files are available in the read-only \"../input/\" directory\n# For example, running this (by clicking run or pressing Shift+Enter) will list all files under the input directory\n\nimport os\nfor dirname, _, filenames in os.walk('/kaggle/input'):\n    for filename in filenames:\n        print(os.path.join(dirname, filename))\n\n# You can write up to 20GB to the current directory (/kaggle/working/) that gets preserved as output when you create a version using \"Save & Run All\" \n# You can also write temporary files to /kaggle/temp/, but they won't be saved outside of the current session","execution_count":303,"outputs":[{"output_type":"stream","text":"/kaggle/input/titanic/train.csv\n/kaggle/input/titanic/test.csv\n/kaggle/input/titanic/gender_submission.csv\n","name":"stdout"}]},{"metadata":{"_uuid":"d629ff2d2480ee46fbb7e2d37f6b5fab8052498a","_cell_guid":"79c7e3d0-c299-4dcb-8224-4455121ee9b0","trusted":true},"cell_type":"code","source":"tt=pd.read_csv(\"/kaggle/input/titanic/train.csv\")","execution_count":304,"outputs":[]},{"metadata":{"trusted":true},"cell_type":"code","source":"tt.isnull().sum()","execution_count":305,"outputs":[{"output_type":"execute_result","execution_count":305,"data":{"text/plain":"PassengerId      0\nSurvived         0\nPclass           0\nName             0\nSex              0\nAge            177\nSibSp            0\nParch            0\nTicket           0\nFare             0\nCabin          687\nEmbarked         2\ndtype: int64"},"metadata":{}}]},{"metadata":{"trusted":true},"cell_type":"code","source":"tt.head()","execution_count":306,"outputs":[{"output_type":"execute_result","execution_count":306,"data":{"text/plain":"   PassengerId  Survived  Pclass  \\\n0            1         0       3   \n1            2         1       1   \n2            3         1       3   \n3            4         1       1   \n4            5         0       3   \n\n                                                Name     Sex   Age  SibSp  \\\n0                            Braund, Mr. Owen Harris    male  22.0      1   \n1  Cumings, Mrs. John Bradley (Florence Briggs Th...  female  38.0      1   \n2                             Heikkinen, Miss. Laina  female  26.0      0   \n3       Futrelle, Mrs. Jacques Heath (Lily May Peel)  female  35.0      1   \n4                           Allen, Mr. William Henry    male  35.0      0   \n\n   Parch            Ticket     Fare Cabin Embarked  \n0      0         A/5 21171   7.2500   NaN        S  \n1      0          PC 17599  71.2833   C85        C  \n2      0  STON/O2. 3101282   7.9250   NaN        S  \n3      0            113803  53.1000  C123        S  \n4      0            373450   8.0500   NaN        S  ","text/html":"<div>\n<style scoped>\n    .dataframe tbody tr th:only-of-type {\n        vertical-align: middle;\n    }\n\n    .dataframe tbody tr th {\n        vertical-align: top;\n    }\n\n    .dataframe thead th {\n        text-align: right;\n    }\n</style>\n<table border=\"1\" class=\"dataframe\">\n  <thead>\n    <tr style=\"text-align: right;\">\n      <th></th>\n      <th>PassengerId</th>\n      <th>Survived</th>\n      <th>Pclass</th>\n      <th>Name</th>\n      <th>Sex</th>\n      <th>Age</th>\n      <th>SibSp</th>\n      <th>Parch</th>\n      <th>Ticket</th>\n      <th>Fare</th>\n      <th>Cabin</th>\n      <th>Embarked</th>\n    </tr>\n  </thead>\n  <tbody>\n    <tr>\n      <th>0</th>\n      <td>1</td>\n      <td>0</td>\n      <td>3</td>\n      <td>Braund, Mr. Owen Harris</td>\n      <td>male</td>\n      <td>22.0</td>\n      <td>1</td>\n      <td>0</td>\n      <td>A/5 21171</td>\n      <td>7.2500</td>\n      <td>NaN</td>\n      <td>S</td>\n    </tr>\n    <tr>\n      <th>1</th>\n      <td>2</td>\n      <td>1</td>\n      <td>1</td>\n      <td>Cumings, Mrs. John Bradley (Florence Briggs Th...</td>\n      <td>female</td>\n      <td>38.0</td>\n      <td>1</td>\n      <td>0</td>\n      <td>PC 17599</td>\n      <td>71.2833</td>\n      <td>C85</td>\n      <td>C</td>\n    </tr>\n    <tr>\n      <th>2</th>\n      <td>3</td>\n      <td>1</td>\n      <td>3</td>\n      <td>Heikkinen, Miss. Laina</td>\n      <td>female</td>\n      <td>26.0</td>\n      <td>0</td>\n      <td>0</td>\n      <td>STON/O2. 3101282</td>\n      <td>7.9250</td>\n      <td>NaN</td>\n      <td>S</td>\n    </tr>\n    <tr>\n      <th>3</th>\n      <td>4</td>\n      <td>1</td>\n      <td>1</td>\n      <td>Futrelle, Mrs. Jacques Heath (Lily May Peel)</td>\n      <td>female</td>\n      <td>35.0</td>\n      <td>1</td>\n      <td>0</td>\n      <td>113803</td>\n      <td>53.1000</td>\n      <td>C123</td>\n      <td>S</td>\n    </tr>\n    <tr>\n      <th>4</th>\n      <td>5</td>\n      <td>0</td>\n      <td>3</td>\n      <td>Allen, Mr. William Henry</td>\n      <td>male</td>\n      <td>35.0</td>\n      <td>0</td>\n      <td>0</td>\n      <td>373450</td>\n      <td>8.0500</td>\n      <td>NaN</td>\n      <td>S</td>\n    </tr>\n  </tbody>\n</table>\n</div>"},"metadata":{}}]},{"metadata":{"trusted":true},"cell_type":"code","source":"tt.dtypes","execution_count":307,"outputs":[{"output_type":"execute_result","execution_count":307,"data":{"text/plain":"PassengerId      int64\nSurvived         int64\nPclass           int64\nName            object\nSex             object\nAge            float64\nSibSp            int64\nParch            int64\nTicket          object\nFare           float64\nCabin           object\nEmbarked        object\ndtype: object"},"metadata":{}}]},{"metadata":{"trusted":true},"cell_type":"code","source":"tt2=pd.read_csv(\"/kaggle/input/titanic/test.csv\")","execution_count":308,"outputs":[]},{"metadata":{"trusted":true},"cell_type":"code","source":"import seaborn as sns","execution_count":309,"outputs":[]},{"metadata":{"trusted":true},"cell_type":"code","source":"tt.isnull().sum()","execution_count":310,"outputs":[{"output_type":"execute_result","execution_count":310,"data":{"text/plain":"PassengerId      0\nSurvived         0\nPclass           0\nName             0\nSex              0\nAge            177\nSibSp            0\nParch            0\nTicket           0\nFare             0\nCabin          687\nEmbarked         2\ndtype: int64"},"metadata":{}}]},{"metadata":{"trusted":true},"cell_type":"code","source":"tt2['Embarked'].fillna('S',inplace=True)\ntt['Embarked'].fillna('S',inplace=True)","execution_count":311,"outputs":[]},{"metadata":{"trusted":true},"cell_type":"code","source":"tt['Age'].fillna(tt['Age'].mean())","execution_count":312,"outputs":[{"output_type":"execute_result","execution_count":312,"data":{"text/plain":"0      22.000000\n1      38.000000\n2      26.000000\n3      35.000000\n4      35.000000\n         ...    \n886    27.000000\n887    19.000000\n888    29.699118\n889    26.000000\n890    32.000000\nName: Age, Length: 891, dtype: float64"},"metadata":{}}]},{"metadata":{"trusted":true},"cell_type":"code","source":"tt2['Age'].fillna(tt2['Age'].mean())","execution_count":313,"outputs":[{"output_type":"execute_result","execution_count":313,"data":{"text/plain":"0      34.50000\n1      47.00000\n2      62.00000\n3      27.00000\n4      22.00000\n         ...   \n413    30.27259\n414    39.00000\n415    38.50000\n416    30.27259\n417    30.27259\nName: Age, Length: 418, dtype: float64"},"metadata":{}}]},{"metadata":{"trusted":true},"cell_type":"code","source":"tt.value_counts()","execution_count":314,"outputs":[{"output_type":"execute_result","execution_count":314,"data":{"text/plain":"PassengerId  Survived  Pclass  Name                                                                                Sex     Age   SibSp  Parch  Ticket    Fare      Cabin  Embarked\n890          1         1       Behr, Mr. Karl Howell                                                               male    26.0  0      0      111369    30.0000   C148   C           1\n308          1         1       Penasco y Castellana, Mrs. Victor de Satode (Maria Josefa Perez de Soto y Vallejo)  female  17.0  1      0      PC 17758  108.9000  C65    C           1\n332          0         1       Partner, Mr. Austen                                                                 male    45.5  0      0      113043    28.5000   C124   S           1\n330          1         1       Hippach, Miss. Jean Gertrude                                                        female  16.0  0      1      111361    57.9792   B18    C           1\n328          1         2       Ball, Mrs. (Ada E Hall)                                                             female  36.0  0      0      28551     13.0000   D      S           1\n                                                                                                                                                                                     ..\n584          0         1       Ross, Mr. John Hugo                                                                 male    36.0  0      0      13049     40.1250   A10    C           1\n582          1         1       Thayer, Mrs. John Borland (Marian Longstreth Morris)                                female  39.0  1      1      17421     110.8833  C68    C           1\n578          1         1       Silvey, Mrs. William Baird (Alice Munger)                                           female  39.0  1      0      13507     55.9000   E44    S           1\n573          1         1       Flynn, Mr. John Irwin (\"Irving\")                                                    male    36.0  0      0      PC 17474  26.3875   E25    S           1\n2            1         1       Cumings, Mrs. John Bradley (Florence Briggs Thayer)                                 female  38.0  1      0      PC 17599  71.2833   C85    C           1\nLength: 185, dtype: int64"},"metadata":{}}]},{"metadata":{"trusted":true},"cell_type":"code","source":"tt.isnull().any()","execution_count":315,"outputs":[{"output_type":"execute_result","execution_count":315,"data":{"text/plain":"PassengerId    False\nSurvived       False\nPclass         False\nName           False\nSex            False\nAge             True\nSibSp          False\nParch          False\nTicket         False\nFare           False\nCabin           True\nEmbarked       False\ndtype: bool"},"metadata":{}}]},{"metadata":{"trusted":true},"cell_type":"code","source":"tt.corr()","execution_count":316,"outputs":[{"output_type":"execute_result","execution_count":316,"data":{"text/plain":"             PassengerId  Survived    Pclass       Age     SibSp     Parch  \\\nPassengerId     1.000000 -0.005007 -0.035144  0.036847 -0.057527 -0.001652   \nSurvived       -0.005007  1.000000 -0.338481 -0.077221 -0.035322  0.081629   \nPclass         -0.035144 -0.338481  1.000000 -0.369226  0.083081  0.018443   \nAge             0.036847 -0.077221 -0.369226  1.000000 -0.308247 -0.189119   \nSibSp          -0.057527 -0.035322  0.083081 -0.308247  1.000000  0.414838   \nParch          -0.001652  0.081629  0.018443 -0.189119  0.414838  1.000000   \nFare            0.012658  0.257307 -0.549500  0.096067  0.159651  0.216225   \n\n                 Fare  \nPassengerId  0.012658  \nSurvived     0.257307  \nPclass      -0.549500  \nAge          0.096067  \nSibSp        0.159651  \nParch        0.216225  \nFare         1.000000  ","text/html":"<div>\n<style scoped>\n    .dataframe tbody tr th:only-of-type {\n        vertical-align: middle;\n    }\n\n    .dataframe tbody tr th {\n        vertical-align: top;\n    }\n\n    .dataframe thead th {\n        text-align: right;\n    }\n</style>\n<table border=\"1\" class=\"dataframe\">\n  <thead>\n    <tr style=\"text-align: right;\">\n      <th></th>\n      <th>PassengerId</th>\n      <th>Survived</th>\n      <th>Pclass</th>\n      <th>Age</th>\n      <th>SibSp</th>\n      <th>Parch</th>\n      <th>Fare</th>\n    </tr>\n  </thead>\n  <tbody>\n    <tr>\n      <th>PassengerId</th>\n      <td>1.000000</td>\n      <td>-0.005007</td>\n      <td>-0.035144</td>\n      <td>0.036847</td>\n      <td>-0.057527</td>\n      <td>-0.001652</td>\n      <td>0.012658</td>\n    </tr>\n    <tr>\n      <th>Survived</th>\n      <td>-0.005007</td>\n      <td>1.000000</td>\n      <td>-0.338481</td>\n      <td>-0.077221</td>\n      <td>-0.035322</td>\n      <td>0.081629</td>\n      <td>0.257307</td>\n    </tr>\n    <tr>\n      <th>Pclass</th>\n      <td>-0.035144</td>\n      <td>-0.338481</td>\n      <td>1.000000</td>\n      <td>-0.369226</td>\n      <td>0.083081</td>\n      <td>0.018443</td>\n      <td>-0.549500</td>\n    </tr>\n    <tr>\n      <th>Age</th>\n      <td>0.036847</td>\n      <td>-0.077221</td>\n      <td>-0.369226</td>\n      <td>1.000000</td>\n      <td>-0.308247</td>\n      <td>-0.189119</td>\n      <td>0.096067</td>\n    </tr>\n    <tr>\n      <th>SibSp</th>\n      <td>-0.057527</td>\n      <td>-0.035322</td>\n      <td>0.083081</td>\n      <td>-0.308247</td>\n      <td>1.000000</td>\n      <td>0.414838</td>\n      <td>0.159651</td>\n    </tr>\n    <tr>\n      <th>Parch</th>\n      <td>-0.001652</td>\n      <td>0.081629</td>\n      <td>0.018443</td>\n      <td>-0.189119</td>\n      <td>0.414838</td>\n      <td>1.000000</td>\n      <td>0.216225</td>\n    </tr>\n    <tr>\n      <th>Fare</th>\n      <td>0.012658</td>\n      <td>0.257307</td>\n      <td>-0.549500</td>\n      <td>0.096067</td>\n      <td>0.159651</td>\n      <td>0.216225</td>\n      <td>1.000000</td>\n    </tr>\n  </tbody>\n</table>\n</div>"},"metadata":{}}]},{"metadata":{"trusted":true},"cell_type":"code","source":"tt['Sex'].value_counts()","execution_count":317,"outputs":[{"output_type":"execute_result","execution_count":317,"data":{"text/plain":"male      577\nfemale    314\nName: Sex, dtype: int64"},"metadata":{}}]},{"metadata":{"trusted":true},"cell_type":"code","source":"tt.head()","execution_count":318,"outputs":[{"output_type":"execute_result","execution_count":318,"data":{"text/plain":"   PassengerId  Survived  Pclass  \\\n0            1         0       3   \n1            2         1       1   \n2            3         1       3   \n3            4         1       1   \n4            5         0       3   \n\n                                                Name     Sex   Age  SibSp  \\\n0                            Braund, Mr. Owen Harris    male  22.0      1   \n1  Cumings, Mrs. John Bradley (Florence Briggs Th...  female  38.0      1   \n2                             Heikkinen, Miss. Laina  female  26.0      0   \n3       Futrelle, Mrs. Jacques Heath (Lily May Peel)  female  35.0      1   \n4                           Allen, Mr. William Henry    male  35.0      0   \n\n   Parch            Ticket     Fare Cabin Embarked  \n0      0         A/5 21171   7.2500   NaN        S  \n1      0          PC 17599  71.2833   C85        C  \n2      0  STON/O2. 3101282   7.9250   NaN        S  \n3      0            113803  53.1000  C123        S  \n4      0            373450   8.0500   NaN        S  ","text/html":"<div>\n<style scoped>\n    .dataframe tbody tr th:only-of-type {\n        vertical-align: middle;\n    }\n\n    .dataframe tbody tr th {\n        vertical-align: top;\n    }\n\n    .dataframe thead th {\n        text-align: right;\n    }\n</style>\n<table border=\"1\" class=\"dataframe\">\n  <thead>\n    <tr style=\"text-align: right;\">\n      <th></th>\n      <th>PassengerId</th>\n      <th>Survived</th>\n      <th>Pclass</th>\n      <th>Name</th>\n      <th>Sex</th>\n      <th>Age</th>\n      <th>SibSp</th>\n      <th>Parch</th>\n      <th>Ticket</th>\n      <th>Fare</th>\n      <th>Cabin</th>\n      <th>Embarked</th>\n    </tr>\n  </thead>\n  <tbody>\n    <tr>\n      <th>0</th>\n      <td>1</td>\n      <td>0</td>\n      <td>3</td>\n      <td>Braund, Mr. Owen Harris</td>\n      <td>male</td>\n      <td>22.0</td>\n      <td>1</td>\n      <td>0</td>\n      <td>A/5 21171</td>\n      <td>7.2500</td>\n      <td>NaN</td>\n      <td>S</td>\n    </tr>\n    <tr>\n      <th>1</th>\n      <td>2</td>\n      <td>1</td>\n      <td>1</td>\n      <td>Cumings, Mrs. John Bradley (Florence Briggs Th...</td>\n      <td>female</td>\n      <td>38.0</td>\n      <td>1</td>\n      <td>0</td>\n      <td>PC 17599</td>\n      <td>71.2833</td>\n      <td>C85</td>\n      <td>C</td>\n    </tr>\n    <tr>\n      <th>2</th>\n      <td>3</td>\n      <td>1</td>\n      <td>3</td>\n      <td>Heikkinen, Miss. Laina</td>\n      <td>female</td>\n      <td>26.0</td>\n      <td>0</td>\n      <td>0</td>\n      <td>STON/O2. 3101282</td>\n      <td>7.9250</td>\n      <td>NaN</td>\n      <td>S</td>\n    </tr>\n    <tr>\n      <th>3</th>\n      <td>4</td>\n      <td>1</td>\n      <td>1</td>\n      <td>Futrelle, Mrs. Jacques Heath (Lily May Peel)</td>\n      <td>female</td>\n      <td>35.0</td>\n      <td>1</td>\n      <td>0</td>\n      <td>113803</td>\n      <td>53.1000</td>\n      <td>C123</td>\n      <td>S</td>\n    </tr>\n    <tr>\n      <th>4</th>\n      <td>5</td>\n      <td>0</td>\n      <td>3</td>\n      <td>Allen, Mr. William Henry</td>\n      <td>male</td>\n      <td>35.0</td>\n      <td>0</td>\n      <td>0</td>\n      <td>373450</td>\n      <td>8.0500</td>\n      <td>NaN</td>\n      <td>S</td>\n    </tr>\n  </tbody>\n</table>\n</div>"},"metadata":{}}]},{"metadata":{"trusted":true},"cell_type":"code","source":"tt['Sex']=pd.factorize(tt.Sex)[0]","execution_count":319,"outputs":[]},{"metadata":{"trusted":true},"cell_type":"code","source":"tt.head()","execution_count":320,"outputs":[{"output_type":"execute_result","execution_count":320,"data":{"text/plain":"   PassengerId  Survived  Pclass  \\\n0            1         0       3   \n1            2         1       1   \n2            3         1       3   \n3            4         1       1   \n4            5         0       3   \n\n                                                Name  Sex   Age  SibSp  Parch  \\\n0                            Braund, Mr. Owen Harris    0  22.0      1      0   \n1  Cumings, Mrs. John Bradley (Florence Briggs Th...    1  38.0      1      0   \n2                             Heikkinen, Miss. Laina    1  26.0      0      0   \n3       Futrelle, Mrs. Jacques Heath (Lily May Peel)    1  35.0      1      0   \n4                           Allen, Mr. William Henry    0  35.0      0      0   \n\n             Ticket     Fare Cabin Embarked  \n0         A/5 21171   7.2500   NaN        S  \n1          PC 17599  71.2833   C85        C  \n2  STON/O2. 3101282   7.9250   NaN        S  \n3            113803  53.1000  C123        S  \n4            373450   8.0500   NaN        S  ","text/html":"<div>\n<style scoped>\n    .dataframe tbody tr th:only-of-type {\n        vertical-align: middle;\n    }\n\n    .dataframe tbody tr th {\n        vertical-align: top;\n    }\n\n    .dataframe thead th {\n        text-align: right;\n    }\n</style>\n<table border=\"1\" class=\"dataframe\">\n  <thead>\n    <tr style=\"text-align: right;\">\n      <th></th>\n      <th>PassengerId</th>\n      <th>Survived</th>\n      <th>Pclass</th>\n      <th>Name</th>\n      <th>Sex</th>\n      <th>Age</th>\n      <th>SibSp</th>\n      <th>Parch</th>\n      <th>Ticket</th>\n      <th>Fare</th>\n      <th>Cabin</th>\n      <th>Embarked</th>\n    </tr>\n  </thead>\n  <tbody>\n    <tr>\n      <th>0</th>\n      <td>1</td>\n      <td>0</td>\n      <td>3</td>\n      <td>Braund, Mr. Owen Harris</td>\n      <td>0</td>\n      <td>22.0</td>\n      <td>1</td>\n      <td>0</td>\n      <td>A/5 21171</td>\n      <td>7.2500</td>\n      <td>NaN</td>\n      <td>S</td>\n    </tr>\n    <tr>\n      <th>1</th>\n      <td>2</td>\n      <td>1</td>\n      <td>1</td>\n      <td>Cumings, Mrs. John Bradley (Florence Briggs Th...</td>\n      <td>1</td>\n      <td>38.0</td>\n      <td>1</td>\n      <td>0</td>\n      <td>PC 17599</td>\n      <td>71.2833</td>\n      <td>C85</td>\n      <td>C</td>\n    </tr>\n    <tr>\n      <th>2</th>\n      <td>3</td>\n      <td>1</td>\n      <td>3</td>\n      <td>Heikkinen, Miss. Laina</td>\n      <td>1</td>\n      <td>26.0</td>\n      <td>0</td>\n      <td>0</td>\n      <td>STON/O2. 3101282</td>\n      <td>7.9250</td>\n      <td>NaN</td>\n      <td>S</td>\n    </tr>\n    <tr>\n      <th>3</th>\n      <td>4</td>\n      <td>1</td>\n      <td>1</td>\n      <td>Futrelle, Mrs. Jacques Heath (Lily May Peel)</td>\n      <td>1</td>\n      <td>35.0</td>\n      <td>1</td>\n      <td>0</td>\n      <td>113803</td>\n      <td>53.1000</td>\n      <td>C123</td>\n      <td>S</td>\n    </tr>\n    <tr>\n      <th>4</th>\n      <td>5</td>\n      <td>0</td>\n      <td>3</td>\n      <td>Allen, Mr. William Henry</td>\n      <td>0</td>\n      <td>35.0</td>\n      <td>0</td>\n      <td>0</td>\n      <td>373450</td>\n      <td>8.0500</td>\n      <td>NaN</td>\n      <td>S</td>\n    </tr>\n  </tbody>\n</table>\n</div>"},"metadata":{}}]},{"metadata":{"trusted":true},"cell_type":"code","source":"tt2['Sex']=pd.factorize(tt2.Sex)[0]","execution_count":321,"outputs":[]},{"metadata":{"trusted":true},"cell_type":"code","source":"tt.corr()","execution_count":322,"outputs":[{"output_type":"execute_result","execution_count":322,"data":{"text/plain":"             PassengerId  Survived    Pclass       Sex       Age     SibSp  \\\nPassengerId     1.000000 -0.005007 -0.035144 -0.042939  0.036847 -0.057527   \nSurvived       -0.005007  1.000000 -0.338481  0.543351 -0.077221 -0.035322   \nPclass         -0.035144 -0.338481  1.000000 -0.131900 -0.369226  0.083081   \nSex            -0.042939  0.543351 -0.131900  1.000000 -0.093254  0.114631   \nAge             0.036847 -0.077221 -0.369226 -0.093254  1.000000 -0.308247   \nSibSp          -0.057527 -0.035322  0.083081  0.114631 -0.308247  1.000000   \nParch          -0.001652  0.081629  0.018443  0.245489 -0.189119  0.414838   \nFare            0.012658  0.257307 -0.549500  0.182333  0.096067  0.159651   \n\n                Parch      Fare  \nPassengerId -0.001652  0.012658  \nSurvived     0.081629  0.257307  \nPclass       0.018443 -0.549500  \nSex          0.245489  0.182333  \nAge         -0.189119  0.096067  \nSibSp        0.414838  0.159651  \nParch        1.000000  0.216225  \nFare         0.216225  1.000000  ","text/html":"<div>\n<style scoped>\n    .dataframe tbody tr th:only-of-type {\n        vertical-align: middle;\n    }\n\n    .dataframe tbody tr th {\n        vertical-align: top;\n    }\n\n    .dataframe thead th {\n        text-align: right;\n    }\n</style>\n<table border=\"1\" class=\"dataframe\">\n  <thead>\n    <tr style=\"text-align: right;\">\n      <th></th>\n      <th>PassengerId</th>\n      <th>Survived</th>\n      <th>Pclass</th>\n      <th>Sex</th>\n      <th>Age</th>\n      <th>SibSp</th>\n      <th>Parch</th>\n      <th>Fare</th>\n    </tr>\n  </thead>\n  <tbody>\n    <tr>\n      <th>PassengerId</th>\n      <td>1.000000</td>\n      <td>-0.005007</td>\n      <td>-0.035144</td>\n      <td>-0.042939</td>\n      <td>0.036847</td>\n      <td>-0.057527</td>\n      <td>-0.001652</td>\n      <td>0.012658</td>\n    </tr>\n    <tr>\n      <th>Survived</th>\n      <td>-0.005007</td>\n      <td>1.000000</td>\n      <td>-0.338481</td>\n      <td>0.543351</td>\n      <td>-0.077221</td>\n      <td>-0.035322</td>\n      <td>0.081629</td>\n      <td>0.257307</td>\n    </tr>\n    <tr>\n      <th>Pclass</th>\n      <td>-0.035144</td>\n      <td>-0.338481</td>\n      <td>1.000000</td>\n      <td>-0.131900</td>\n      <td>-0.369226</td>\n      <td>0.083081</td>\n      <td>0.018443</td>\n      <td>-0.549500</td>\n    </tr>\n    <tr>\n      <th>Sex</th>\n      <td>-0.042939</td>\n      <td>0.543351</td>\n      <td>-0.131900</td>\n      <td>1.000000</td>\n      <td>-0.093254</td>\n      <td>0.114631</td>\n      <td>0.245489</td>\n      <td>0.182333</td>\n    </tr>\n    <tr>\n      <th>Age</th>\n      <td>0.036847</td>\n      <td>-0.077221</td>\n      <td>-0.369226</td>\n      <td>-0.093254</td>\n      <td>1.000000</td>\n      <td>-0.308247</td>\n      <td>-0.189119</td>\n      <td>0.096067</td>\n    </tr>\n    <tr>\n      <th>SibSp</th>\n      <td>-0.057527</td>\n      <td>-0.035322</td>\n      <td>0.083081</td>\n      <td>0.114631</td>\n      <td>-0.308247</td>\n      <td>1.000000</td>\n      <td>0.414838</td>\n      <td>0.159651</td>\n    </tr>\n    <tr>\n      <th>Parch</th>\n      <td>-0.001652</td>\n      <td>0.081629</td>\n      <td>0.018443</td>\n      <td>0.245489</td>\n      <td>-0.189119</td>\n      <td>0.414838</td>\n      <td>1.000000</td>\n      <td>0.216225</td>\n    </tr>\n    <tr>\n      <th>Fare</th>\n      <td>0.012658</td>\n      <td>0.257307</td>\n      <td>-0.549500</td>\n      <td>0.182333</td>\n      <td>0.096067</td>\n      <td>0.159651</td>\n      <td>0.216225</td>\n      <td>1.000000</td>\n    </tr>\n  </tbody>\n</table>\n</div>"},"metadata":{}}]},{"metadata":{"trusted":true},"cell_type":"code","source":"tt.columns","execution_count":323,"outputs":[{"output_type":"execute_result","execution_count":323,"data":{"text/plain":"Index(['PassengerId', 'Survived', 'Pclass', 'Name', 'Sex', 'Age', 'SibSp',\n       'Parch', 'Ticket', 'Fare', 'Cabin', 'Embarked'],\n      dtype='object')"},"metadata":{}}]},{"metadata":{"trusted":true},"cell_type":"code","source":"tt[\"Embarked\"].value_counts()","execution_count":324,"outputs":[{"output_type":"execute_result","execution_count":324,"data":{"text/plain":"S    646\nC    168\nQ     77\nName: Embarked, dtype: int64"},"metadata":{}}]},{"metadata":{"trusted":true},"cell_type":"code","source":"tt['Embarked']=pd.factorize(tt.Embarked)[0]","execution_count":325,"outputs":[]},{"metadata":{"trusted":true},"cell_type":"code","source":"tt2['Embarked']=pd.factorize(tt2.Embarked)[0]","execution_count":326,"outputs":[]},{"metadata":{"trusted":true},"cell_type":"code","source":"tt.corr()","execution_count":327,"outputs":[{"output_type":"execute_result","execution_count":327,"data":{"text/plain":"             PassengerId  Survived    Pclass       Sex       Age     SibSp  \\\nPassengerId     1.000000 -0.005007 -0.035144 -0.042939  0.036847 -0.057527   \nSurvived       -0.005007  1.000000 -0.338481  0.543351 -0.077221 -0.035322   \nPclass         -0.035144 -0.338481  1.000000 -0.131900 -0.369226  0.083081   \nSex            -0.042939  0.543351 -0.131900  1.000000 -0.093254  0.114631   \nAge             0.036847 -0.077221 -0.369226 -0.093254  1.000000 -0.308247   \nSibSp          -0.057527 -0.035322  0.083081  0.114631 -0.308247  1.000000   \nParch          -0.001652  0.081629  0.018443  0.245489 -0.189119  0.414838   \nFare            0.012658  0.257307 -0.549500  0.182333  0.096067  0.159651   \nEmbarked       -0.030467  0.106811  0.045702  0.116569  0.010171 -0.059961   \n\n                Parch      Fare  Embarked  \nPassengerId -0.001652  0.012658 -0.030467  \nSurvived     0.081629  0.257307  0.106811  \nPclass       0.018443 -0.549500  0.045702  \nSex          0.245489  0.182333  0.116569  \nAge         -0.189119  0.096067  0.010171  \nSibSp        0.414838  0.159651 -0.059961  \nParch        1.000000  0.216225 -0.078665  \nFare         0.216225  1.000000  0.062142  \nEmbarked    -0.078665  0.062142  1.000000  ","text/html":"<div>\n<style scoped>\n    .dataframe tbody tr th:only-of-type {\n        vertical-align: middle;\n    }\n\n    .dataframe tbody tr th {\n        vertical-align: top;\n    }\n\n    .dataframe thead th {\n        text-align: right;\n    }\n</style>\n<table border=\"1\" class=\"dataframe\">\n  <thead>\n    <tr style=\"text-align: right;\">\n      <th></th>\n      <th>PassengerId</th>\n      <th>Survived</th>\n      <th>Pclass</th>\n      <th>Sex</th>\n      <th>Age</th>\n      <th>SibSp</th>\n      <th>Parch</th>\n      <th>Fare</th>\n      <th>Embarked</th>\n    </tr>\n  </thead>\n  <tbody>\n    <tr>\n      <th>PassengerId</th>\n      <td>1.000000</td>\n      <td>-0.005007</td>\n      <td>-0.035144</td>\n      <td>-0.042939</td>\n      <td>0.036847</td>\n      <td>-0.057527</td>\n      <td>-0.001652</td>\n      <td>0.012658</td>\n      <td>-0.030467</td>\n    </tr>\n    <tr>\n      <th>Survived</th>\n      <td>-0.005007</td>\n      <td>1.000000</td>\n      <td>-0.338481</td>\n      <td>0.543351</td>\n      <td>-0.077221</td>\n      <td>-0.035322</td>\n      <td>0.081629</td>\n      <td>0.257307</td>\n      <td>0.106811</td>\n    </tr>\n    <tr>\n      <th>Pclass</th>\n      <td>-0.035144</td>\n      <td>-0.338481</td>\n      <td>1.000000</td>\n      <td>-0.131900</td>\n      <td>-0.369226</td>\n      <td>0.083081</td>\n      <td>0.018443</td>\n      <td>-0.549500</td>\n      <td>0.045702</td>\n    </tr>\n    <tr>\n      <th>Sex</th>\n      <td>-0.042939</td>\n      <td>0.543351</td>\n      <td>-0.131900</td>\n      <td>1.000000</td>\n      <td>-0.093254</td>\n      <td>0.114631</td>\n      <td>0.245489</td>\n      <td>0.182333</td>\n      <td>0.116569</td>\n    </tr>\n    <tr>\n      <th>Age</th>\n      <td>0.036847</td>\n      <td>-0.077221</td>\n      <td>-0.369226</td>\n      <td>-0.093254</td>\n      <td>1.000000</td>\n      <td>-0.308247</td>\n      <td>-0.189119</td>\n      <td>0.096067</td>\n      <td>0.010171</td>\n    </tr>\n    <tr>\n      <th>SibSp</th>\n      <td>-0.057527</td>\n      <td>-0.035322</td>\n      <td>0.083081</td>\n      <td>0.114631</td>\n      <td>-0.308247</td>\n      <td>1.000000</td>\n      <td>0.414838</td>\n      <td>0.159651</td>\n      <td>-0.059961</td>\n    </tr>\n    <tr>\n      <th>Parch</th>\n      <td>-0.001652</td>\n      <td>0.081629</td>\n      <td>0.018443</td>\n      <td>0.245489</td>\n      <td>-0.189119</td>\n      <td>0.414838</td>\n      <td>1.000000</td>\n      <td>0.216225</td>\n      <td>-0.078665</td>\n    </tr>\n    <tr>\n      <th>Fare</th>\n      <td>0.012658</td>\n      <td>0.257307</td>\n      <td>-0.549500</td>\n      <td>0.182333</td>\n      <td>0.096067</td>\n      <td>0.159651</td>\n      <td>0.216225</td>\n      <td>1.000000</td>\n      <td>0.062142</td>\n    </tr>\n    <tr>\n      <th>Embarked</th>\n      <td>-0.030467</td>\n      <td>0.106811</td>\n      <td>0.045702</td>\n      <td>0.116569</td>\n      <td>0.010171</td>\n      <td>-0.059961</td>\n      <td>-0.078665</td>\n      <td>0.062142</td>\n      <td>1.000000</td>\n    </tr>\n  </tbody>\n</table>\n</div>"},"metadata":{}}]},{"metadata":{"trusted":true},"cell_type":"code","source":"tt.head()","execution_count":328,"outputs":[{"output_type":"execute_result","execution_count":328,"data":{"text/plain":"   PassengerId  Survived  Pclass  \\\n0            1         0       3   \n1            2         1       1   \n2            3         1       3   \n3            4         1       1   \n4            5         0       3   \n\n                                                Name  Sex   Age  SibSp  Parch  \\\n0                            Braund, Mr. Owen Harris    0  22.0      1      0   \n1  Cumings, Mrs. John Bradley (Florence Briggs Th...    1  38.0      1      0   \n2                             Heikkinen, Miss. Laina    1  26.0      0      0   \n3       Futrelle, Mrs. Jacques Heath (Lily May Peel)    1  35.0      1      0   \n4                           Allen, Mr. William Henry    0  35.0      0      0   \n\n             Ticket     Fare Cabin  Embarked  \n0         A/5 21171   7.2500   NaN         0  \n1          PC 17599  71.2833   C85         1  \n2  STON/O2. 3101282   7.9250   NaN         0  \n3            113803  53.1000  C123         0  \n4            373450   8.0500   NaN         0  ","text/html":"<div>\n<style scoped>\n    .dataframe tbody tr th:only-of-type {\n        vertical-align: middle;\n    }\n\n    .dataframe tbody tr th {\n        vertical-align: top;\n    }\n\n    .dataframe thead th {\n        text-align: right;\n    }\n</style>\n<table border=\"1\" class=\"dataframe\">\n  <thead>\n    <tr style=\"text-align: right;\">\n      <th></th>\n      <th>PassengerId</th>\n      <th>Survived</th>\n      <th>Pclass</th>\n      <th>Name</th>\n      <th>Sex</th>\n      <th>Age</th>\n      <th>SibSp</th>\n      <th>Parch</th>\n      <th>Ticket</th>\n      <th>Fare</th>\n      <th>Cabin</th>\n      <th>Embarked</th>\n    </tr>\n  </thead>\n  <tbody>\n    <tr>\n      <th>0</th>\n      <td>1</td>\n      <td>0</td>\n      <td>3</td>\n      <td>Braund, Mr. Owen Harris</td>\n      <td>0</td>\n      <td>22.0</td>\n      <td>1</td>\n      <td>0</td>\n      <td>A/5 21171</td>\n      <td>7.2500</td>\n      <td>NaN</td>\n      <td>0</td>\n    </tr>\n    <tr>\n      <th>1</th>\n      <td>2</td>\n      <td>1</td>\n      <td>1</td>\n      <td>Cumings, Mrs. John Bradley (Florence Briggs Th...</td>\n      <td>1</td>\n      <td>38.0</td>\n      <td>1</td>\n      <td>0</td>\n      <td>PC 17599</td>\n      <td>71.2833</td>\n      <td>C85</td>\n      <td>1</td>\n    </tr>\n    <tr>\n      <th>2</th>\n      <td>3</td>\n      <td>1</td>\n      <td>3</td>\n      <td>Heikkinen, Miss. Laina</td>\n      <td>1</td>\n      <td>26.0</td>\n      <td>0</td>\n      <td>0</td>\n      <td>STON/O2. 3101282</td>\n      <td>7.9250</td>\n      <td>NaN</td>\n      <td>0</td>\n    </tr>\n    <tr>\n      <th>3</th>\n      <td>4</td>\n      <td>1</td>\n      <td>1</td>\n      <td>Futrelle, Mrs. Jacques Heath (Lily May Peel)</td>\n      <td>1</td>\n      <td>35.0</td>\n      <td>1</td>\n      <td>0</td>\n      <td>113803</td>\n      <td>53.1000</td>\n      <td>C123</td>\n      <td>0</td>\n    </tr>\n    <tr>\n      <th>4</th>\n      <td>5</td>\n      <td>0</td>\n      <td>3</td>\n      <td>Allen, Mr. William Henry</td>\n      <td>0</td>\n      <td>35.0</td>\n      <td>0</td>\n      <td>0</td>\n      <td>373450</td>\n      <td>8.0500</td>\n      <td>NaN</td>\n      <td>0</td>\n    </tr>\n  </tbody>\n</table>\n</div>"},"metadata":{}}]},{"metadata":{"trusted":true},"cell_type":"code","source":"tt.corr()","execution_count":329,"outputs":[{"output_type":"execute_result","execution_count":329,"data":{"text/plain":"             PassengerId  Survived    Pclass       Sex       Age     SibSp  \\\nPassengerId     1.000000 -0.005007 -0.035144 -0.042939  0.036847 -0.057527   \nSurvived       -0.005007  1.000000 -0.338481  0.543351 -0.077221 -0.035322   \nPclass         -0.035144 -0.338481  1.000000 -0.131900 -0.369226  0.083081   \nSex            -0.042939  0.543351 -0.131900  1.000000 -0.093254  0.114631   \nAge             0.036847 -0.077221 -0.369226 -0.093254  1.000000 -0.308247   \nSibSp          -0.057527 -0.035322  0.083081  0.114631 -0.308247  1.000000   \nParch          -0.001652  0.081629  0.018443  0.245489 -0.189119  0.414838   \nFare            0.012658  0.257307 -0.549500  0.182333  0.096067  0.159651   \nEmbarked       -0.030467  0.106811  0.045702  0.116569  0.010171 -0.059961   \n\n                Parch      Fare  Embarked  \nPassengerId -0.001652  0.012658 -0.030467  \nSurvived     0.081629  0.257307  0.106811  \nPclass       0.018443 -0.549500  0.045702  \nSex          0.245489  0.182333  0.116569  \nAge         -0.189119  0.096067  0.010171  \nSibSp        0.414838  0.159651 -0.059961  \nParch        1.000000  0.216225 -0.078665  \nFare         0.216225  1.000000  0.062142  \nEmbarked    -0.078665  0.062142  1.000000  ","text/html":"<div>\n<style scoped>\n    .dataframe tbody tr th:only-of-type {\n        vertical-align: middle;\n    }\n\n    .dataframe tbody tr th {\n        vertical-align: top;\n    }\n\n    .dataframe thead th {\n        text-align: right;\n    }\n</style>\n<table border=\"1\" class=\"dataframe\">\n  <thead>\n    <tr style=\"text-align: right;\">\n      <th></th>\n      <th>PassengerId</th>\n      <th>Survived</th>\n      <th>Pclass</th>\n      <th>Sex</th>\n      <th>Age</th>\n      <th>SibSp</th>\n      <th>Parch</th>\n      <th>Fare</th>\n      <th>Embarked</th>\n    </tr>\n  </thead>\n  <tbody>\n    <tr>\n      <th>PassengerId</th>\n      <td>1.000000</td>\n      <td>-0.005007</td>\n      <td>-0.035144</td>\n      <td>-0.042939</td>\n      <td>0.036847</td>\n      <td>-0.057527</td>\n      <td>-0.001652</td>\n      <td>0.012658</td>\n      <td>-0.030467</td>\n    </tr>\n    <tr>\n      <th>Survived</th>\n      <td>-0.005007</td>\n      <td>1.000000</td>\n      <td>-0.338481</td>\n      <td>0.543351</td>\n      <td>-0.077221</td>\n      <td>-0.035322</td>\n      <td>0.081629</td>\n      <td>0.257307</td>\n      <td>0.106811</td>\n    </tr>\n    <tr>\n      <th>Pclass</th>\n      <td>-0.035144</td>\n      <td>-0.338481</td>\n      <td>1.000000</td>\n      <td>-0.131900</td>\n      <td>-0.369226</td>\n      <td>0.083081</td>\n      <td>0.018443</td>\n      <td>-0.549500</td>\n      <td>0.045702</td>\n    </tr>\n    <tr>\n      <th>Sex</th>\n      <td>-0.042939</td>\n      <td>0.543351</td>\n      <td>-0.131900</td>\n      <td>1.000000</td>\n      <td>-0.093254</td>\n      <td>0.114631</td>\n      <td>0.245489</td>\n      <td>0.182333</td>\n      <td>0.116569</td>\n    </tr>\n    <tr>\n      <th>Age</th>\n      <td>0.036847</td>\n      <td>-0.077221</td>\n      <td>-0.369226</td>\n      <td>-0.093254</td>\n      <td>1.000000</td>\n      <td>-0.308247</td>\n      <td>-0.189119</td>\n      <td>0.096067</td>\n      <td>0.010171</td>\n    </tr>\n    <tr>\n      <th>SibSp</th>\n      <td>-0.057527</td>\n      <td>-0.035322</td>\n      <td>0.083081</td>\n      <td>0.114631</td>\n      <td>-0.308247</td>\n      <td>1.000000</td>\n      <td>0.414838</td>\n      <td>0.159651</td>\n      <td>-0.059961</td>\n    </tr>\n    <tr>\n      <th>Parch</th>\n      <td>-0.001652</td>\n      <td>0.081629</td>\n      <td>0.018443</td>\n      <td>0.245489</td>\n      <td>-0.189119</td>\n      <td>0.414838</td>\n      <td>1.000000</td>\n      <td>0.216225</td>\n      <td>-0.078665</td>\n    </tr>\n    <tr>\n      <th>Fare</th>\n      <td>0.012658</td>\n      <td>0.257307</td>\n      <td>-0.549500</td>\n      <td>0.182333</td>\n      <td>0.096067</td>\n      <td>0.159651</td>\n      <td>0.216225</td>\n      <td>1.000000</td>\n      <td>0.062142</td>\n    </tr>\n    <tr>\n      <th>Embarked</th>\n      <td>-0.030467</td>\n      <td>0.106811</td>\n      <td>0.045702</td>\n      <td>0.116569</td>\n      <td>0.010171</td>\n      <td>-0.059961</td>\n      <td>-0.078665</td>\n      <td>0.062142</td>\n      <td>1.000000</td>\n    </tr>\n  </tbody>\n</table>\n</div>"},"metadata":{}}]},{"metadata":{"trusted":true},"cell_type":"code","source":"tt.columns","execution_count":330,"outputs":[{"output_type":"execute_result","execution_count":330,"data":{"text/plain":"Index(['PassengerId', 'Survived', 'Pclass', 'Name', 'Sex', 'Age', 'SibSp',\n       'Parch', 'Ticket', 'Fare', 'Cabin', 'Embarked'],\n      dtype='object')"},"metadata":{}}]},{"metadata":{"trusted":true},"cell_type":"code","source":"tt.head()","execution_count":331,"outputs":[{"output_type":"execute_result","execution_count":331,"data":{"text/plain":"   PassengerId  Survived  Pclass  \\\n0            1         0       3   \n1            2         1       1   \n2            3         1       3   \n3            4         1       1   \n4            5         0       3   \n\n                                                Name  Sex   Age  SibSp  Parch  \\\n0                            Braund, Mr. Owen Harris    0  22.0      1      0   \n1  Cumings, Mrs. John Bradley (Florence Briggs Th...    1  38.0      1      0   \n2                             Heikkinen, Miss. Laina    1  26.0      0      0   \n3       Futrelle, Mrs. Jacques Heath (Lily May Peel)    1  35.0      1      0   \n4                           Allen, Mr. William Henry    0  35.0      0      0   \n\n             Ticket     Fare Cabin  Embarked  \n0         A/5 21171   7.2500   NaN         0  \n1          PC 17599  71.2833   C85         1  \n2  STON/O2. 3101282   7.9250   Na